#	AA	CD	N	n	c	C
1	N	N	0.4437	0.2811	0.2097	0.0654
2	I	c	0.2595	0.2057	0.3213	0.2135
3	S	c	0.2083	0.1598	0.3457	0.2862
4	Q	C	0.1484	0.1019	0.2887	0.461
5	H	C	0.1171	0.0776	0.2499	0.5554
6	Q	C	0.122	0.0729	0.2219	0.5831
7	C	C	0.0937	0.0523	0.1598	0.6942
8	V	C	0.0916	0.0603	0.213	0.6352
9	K	C	0.1247	0.0952	0.3364	0.4437
10	K	C	0.1267	0.1155	0.346	0.4118
11	Q	C	0.1243	0.107	0.3302	0.4386
12	C	C	0.0692	0.0491	0.1729	0.7088
13	P	C	0.1023	0.0817	0.2308	0.5852
14	Q	C	0.1048	0.132	0.3592	0.404
15	N	C	0.0837	0.0654	0.2401	0.6109
16	S	C	0.0643	0.0401	0.1603	0.7353
17	G	C	0.0554	0.0343	0.1366	0.7738
18	C	C	0.0492	0.0284	0.1023	0.8201
19	F	C	0.0567	0.032	0.1346	0.7767
20	R	C	0.0753	0.0513	0.211	0.6623
21	H	C	0.117	0.0976	0.3153	0.4701
22	L	c	0.1985	0.1739	0.3493	0.2782
23	D	N	0.3104	0.2575	0.2835	0.1487
24	E	c	0.2668	0.2669	0.2796	0.1866
25	R	C	0.1742	0.1717	0.2988	0.3553
26	E	C	0.0977	0.0948	0.2535	0.5539
27	E	C	0.0726	0.0556	0.1811	0.6906
28	C	C	0.0609	0.0459	0.1633	0.7298
29	K	C	0.061	0.044	0.1625	0.7326
30	C	C	0.0586	0.0379	0.1503	0.7532
31	L	C	0.0595	0.0355	0.1619	0.743
32	L	C	0.0761	0.0428	0.1821	0.6991
33	N	C	0.0788	0.0528	0.2249	0.6435
34	Y	C	0.0696	0.0363	0.146	0.7481
35	K	C	0.074	0.0448	0.1789	0.7023
36	Q	C	0.1469	0.1117	0.3218	0.4196
37	E	c	0.2234	0.1755	0.3503	0.2509
38	G	c	0.2686	0.1933	0.32	0.2181
39	D	C	0.2188	0.1437	0.2961	0.3415
40	K	C	0.1965	0.0974	0.2337	0.4723
41	C	C	0.2168	0.0762	0.162	0.5449
42	V	C	0.2671	0.1049	0.2087	0.4194
43	E	C	0.2882	0.1352	0.272	0.3046
44	N	N	0.3266	0.1487	0.2795	0.2452
45	P	N	0.5278	0.1914	0.1853	0.0955
46	N	N	0.554	0.214	0.1634	0.0685
47	P	N	0.5361	0.2061	0.164	0.0937
48	T	N	0.6554	0.1937	0.1103	0.0405
