#	AA	TA	b	h	H	I	C	e	E	S	t	g	T	B	s	i
1	N	e	0.0302	0.1621	0.1015	0.0541	0.091	0.1639	0.1129	0.0406	0.0286	0.0257	0.0248	0.0883	0.0601	0.0161
2	I	g	0.1082	0.0199	0.1126	0.0127	0.0115	0.0324	0.1602	0.1369	0.0328	0.1916	0.0351	0.0679	0.0481	0.03
3	S	E	0.0134	0.0588	0.0606	0.0325	0.0103	0.0327	0.2154	0.03	0.0713	0.0795	0.1577	0.0762	0.1537	0.0078
4	Q	B	0.02	0.0138	0.0779	0.0243	0.0303	0.0284	0.2691	0.0286	0.0094	0.0388	0.1186	0.2745	0.0418	0.0244
5	H	E	0.024	0.0296	0.0769	0.0195	0.0553	0.2	0.3635	0.0346	0.0136	0.0186	0.0223	0.1001	0.03	0.0122
6	Q	E	0.0929	0.0236	0.0861	0.0144	0.0209	0.1898	0.2726	0.1566	0.0136	0.0279	0.0176	0.0352	0.033	0.0158
7	C	e	0.0633	0.0655	0.064	0.0316	0.0231	0.1937	0.1521	0.1402	0.0566	0.0471	0.0146	0.0276	0.1114	0.0091
8	V	S	0.04	0.0215	0.0432	0.0192	0.0147	0.0329	0.1561	0.1623	0.0516	0.095	0.1009	0.1032	0.131	0.0285
9	K	B	0.0047	0.0063	0.0084	0.0046	0.0049	0.0079	0.2262	0.0452	0.0671	0.0694	0.105	0.2271	0.2161	0.0072
10	K	E	0.0032	0.0032	0.0057	0.0087	0.0121	0.0201	0.4467	0.009	0.0068	0.01	0.1	0.3144	0.0559	0.0041
11	Q	E	0.0209	0.0052	0.0062	0.0083	0.0794	0.343	0.4022	0.0183	0.0027	0.004	0.0078	0.0837	0.0091	0.009
12	C	b	0.3759	0.0225	0.0095	0.006	0.0128	0.3583	0.1201	0.0556	0.007	0.0028	0.0019	0.005	0.0138	0.0089
13	P	S	0.117	0.1654	0.016	0.0105	0.005	0.0904	0.0488	0.2445	0.2382	0.0159	0.0037	0.0069	0.0314	0.0064
14	Q	s	0.0523	0.0758	0.132	0.128	0.0151	0.0526	0.0345	0.0256	0.0437	0.0582	0.1447	0.0237	0.1874	0.0265
15	N	B	0.0119	0.026	0.07	0.0124	0.0227	0.0066	0.0452	0.08	0.0505	0.1718	0.0774	0.33	0.0324	0.0632
16	S	E	0.0047	0.0102	0.0237	0.0101	0.0049	0.0133	0.3305	0.0239	0.049	0.0976	0.158	0.106	0.1644	0.0037
17	G	E	0.0055	0.0028	0.0145	0.0109	0.0117	0.0181	0.4171	0.0152	0.0062	0.0233	0.1209	0.3117	0.0358	0.0061
18	C	E	0.0076	0.0051	0.0118	0.0036	0.0092	0.0382	0.7026	0.0242	0.0055	0.009	0.0204	0.1376	0.0206	0.0044
19	F	E	0.0213	0.0071	0.011	0.0087	0.0208	0.374	0.4612	0.0315	0.0059	0.0064	0.0064	0.0229	0.02	0.003
20	R	e	0.3138	0.0211	0.0126	0.0088	0.0135	0.3656	0.1272	0.0718	0.0083	0.0068	0.0074	0.0115	0.0177	0.014
21	H	b	0.3432	0.2761	0.024	0.0244	0.0204	0.1842	0.012	0.0251	0.0463	0.0063	0.0013	0.0027	0.0204	0.0135
22	L	t	0.1302	0.0537	0.091	0.0196	0.0045	0.0096	0.007	0.0527	0.3122	0.1903	0.0322	0.0111	0.0261	0.0596
23	D	s	0.0038	0.0365	0.0258	0.0138	0.0021	0.0016	0.012	0.0158	0.1552	0.1318	0.2702	0.0494	0.2733	0.0087
24	E	B	0.0017	0.0075	0.052	0.0312	0.03	0.0053	0.0456	0.0051	0.0048	0.0306	0.241	0.5129	0.0267	0.006
25	R	E	0.006	0.0052	0.0469	0.0036	0.0154	0.0185	0.5749	0.0354	0.0033	0.0148	0.0313	0.2257	0.0101	0.0089
26	E	E	0.0168	0.0131	0.0608	0.004	0.0049	0.0862	0.7154	0.0168	0.0043	0.0035	0.0069	0.0262	0.0393	0.0016
27	E	E	0.037	0.0123	0.0816	0.0014	0.0032	0.0365	0.6945	0.052	0.0055	0.0069	0.0052	0.0456	0.0137	0.0046
28	C	E	0.0204	0.0364	0.0974	0.0117	0.0083	0.2139	0.5121	0.0167	0.0119	0.0058	0.0078	0.0153	0.0408	0.0015
29	K	E	0.0965	0.0149	0.1253	0.0076	0.0139	0.1265	0.3884	0.1151	0.0085	0.026	0.011	0.0381	0.0133	0.015
30	C	E	0.0852	0.0879	0.1256	0.0223	0.0088	0.1641	0.2596	0.0571	0.0313	0.0214	0.0184	0.0128	0.099	0.0065
31	L	E	0.0207	0.0161	0.0584	0.0078	0.0078	0.0214	0.2521	0.1499	0.0761	0.16	0.0433	0.117	0.0567	0.0126
32	L	E	0.0092	0.0091	0.0282	0.0157	0.007	0.0292	0.3452	0.0182	0.0176	0.0337	0.1984	0.0855	0.198	0.0051
33	N	E	0.0097	0.0077	0.025	0.012	0.0458	0.0502	0.3781	0.0282	0.0079	0.0196	0.0365	0.3458	0.0245	0.009
34	Y	E	0.0447	0.0088	0.0231	0.0046	0.0075	0.0853	0.6592	0.0479	0.0067	0.0105	0.0174	0.0487	0.029	0.0067
35	K	e	0.0673	0.0438	0.0245	0.0242	0.0462	0.6726	0.0453	0.024	0.0134	0.0052	0.003	0.0059	0.0183	0.0062
36	Q	b	0.633	0.0667	0.0534	0.0172	0.0139	0.0817	0.008	0.03	0.017	0.0125	0.0038	0.0027	0.0099	0.05
37	E	t	0.0095	0.0243	0.0148	0.0078	0.0014	0.0041	0.0099	0.0685	0.6593	0.1169	0.0216	0.0191	0.034	0.0087
38	G	T	0.0011	0.0028	0.0065	0.0114	0.0022	0.0018	0.0212	0.0061	0.0131	0.0444	0.5078	0.0491	0.3284	0.0042
39	D	B	0.0005	0.001	0.0031	0.0018	0.0126	0.0017	0.0615	0.005	0.0021	0.0085	0.052	0.834	0.0134	0.0027
40	K	E	0.0046	0.002	0.0042	0.0016	0.0035	0.0428	0.8495	0.0097	0.0019	0.0018	0.0071	0.0588	0.0115	0.001
41	C	E	0.0134	0.0028	0.0037	0.0013	0.0031	0.1272	0.7824	0.0337	0.0023	0.0022	0.0018	0.0168	0.0085	0.001
42	V	e	0.0539	0.012	0.0042	0.0055	0.0059	0.4843	0.3277	0.0675	0.0074	0.0021	0.0018	0.0045	0.0218	0.0013
43	E	S	0.1619	0.0233	0.0055	0.0033	0.0027	0.0616	0.2759	0.3131	0.035	0.0116	0.0084	0.0176	0.0711	0.009
44	N	E	0.0257	0.1169	0.0099	0.04	0.0267	0.1691	0.1965	0.0341	0.0971	0.0166	0.0286	0.0398	0.1928	0.0062
45	P	e	0.1623	0.0334	0.0659	0.1119	0.2061	0.2385	0.0004	0.0004	0.0003	0.0003	0.0004	0.0008	0.0133	0.166
46	N	b	0.4424	0.3193	0.1021	0.0001	0.0001	0.0002	0.0001	0.0001	0.0001	0.0001	0.0001	0.0001	0.0001	0.1356
47	P	h	0.0004	0.5933	0.4058	0.0001	0.0001	0.0001	0.0001	0.0001	0.0001	0.0001	0.0001	0.0001	0.0002	0.0001
48	T	H	0.0001	0.0002	0.9992	0.0001	0.0001	0.0001	0.0001	0.0001	0.0001	0.0002	0.0001	0.0001	0.0001	0.0001
