#	AA	SA	B	b	e	E
1	N	E	0.0013	0.0087	0.0428	0.9472
2	I	E	0.025	0.1886	0.2762	0.5102
3	S	E	0.0362	0.1798	0.3162	0.4678
4	Q	E	0.0083	0.0686	0.2597	0.6635
5	H	e	0.0523	0.2983	0.3268	0.3225
6	Q	e	0.0165	0.1468	0.4252	0.4115
7	C	b	0.3111	0.4078	0.2187	0.0623
8	V	e	0.0482	0.2506	0.4094	0.2917
9	K	E	0.0078	0.0667	0.2495	0.676
10	K	E	0.0071	0.0642	0.3163	0.6123
11	Q	E	0.0048	0.0442	0.2146	0.7364
12	C	b	0.161	0.5651	0.2163	0.0576
13	P	e	0.0397	0.2487	0.413	0.2987
14	Q	E	0.0051	0.0425	0.1607	0.7917
15	N	E	0.0865	0.2771	0.2878	0.3487
16	S	b	0.3076	0.3812	0.175	0.1361
17	G	b	0.2737	0.342	0.2454	0.1389
18	C	B	0.4546	0.3178	0.1693	0.0583
19	F	b	0.2542	0.3936	0.1834	0.1689
20	R	e	0.0387	0.2591	0.3942	0.308
21	H	e	0.033	0.2506	0.3746	0.3417
22	L	E	0.0256	0.1545	0.2943	0.5257
23	D	E	0.0083	0.0633	0.2347	0.6937
24	E	E	0.0073	0.051	0.1988	0.7428
25	R	E	0.0049	0.0491	0.2666	0.6794
26	E	b	0.0962	0.4187	0.3397	0.1455
27	E	e	0.0581	0.3314	0.418	0.1925
28	C	B	0.4876	0.3573	0.1182	0.0369
29	K	e	0.0243	0.2427	0.5056	0.2273
30	C	B	0.5529	0.2802	0.1222	0.0447
31	L	b	0.1482	0.398	0.3298	0.1241
32	L	B	0.4179	0.3227	0.1543	0.1052
33	N	e	0.0401	0.2235	0.3714	0.365
34	Y	b	0.1791	0.498	0.2185	0.1045
35	K	e	0.0153	0.1539	0.4406	0.3902
36	Q	E	0.0083	0.094	0.3719	0.5258
37	E	E	0.0061	0.0627	0.2834	0.6478
38	G	E	0.0111	0.0602	0.1798	0.7489
39	D	E	0.0123	0.1041	0.2917	0.5919
40	K	E	0.0078	0.0787	0.3438	0.5698
41	C	b	0.267	0.4695	0.2068	0.0567
42	V	e	0.0631	0.2984	0.4115	0.227
43	E	E	0.0071	0.07	0.3047	0.6182
44	N	e	0.0255	0.2905	0.4202	0.2637
45	P	E	0.0055	0.0469	0.146	0.8015
46	N	E	0.0055	0.0536	0.1898	0.7511
47	P	E	0.018	0.1222	0.2387	0.6212
48	T	E	0.0021	0.0123	0.0396	0.946
